"","r_names","Challenger","Master","Diamond","Platinum","Gold","Silver","Bronze"
"1","Damage_per_min",525.616548671497,532.513726509491,495.74480935601,482.034162565847,519.291150850321,483.25267080839,483.664615015333
"2","Damage_Taken_per_min",914.759855229828,931.794157125683,896.338748173775,895.112859733391,929.130070289222,921.187127147013,927.017199810227
"3","CS_zeroToTen",11.3418803418803,8.58455,8.53080882352941,7.62884955752212,6.60369565217391,5.55058823529412,5.74938775510204
"4","CS_per_min",2.5995664912822,2.52302078688159,2.32167896362603,2.24826927504051,2.21827211321363,2.04562519329697,1.82734732159335
"5","Healing_per_min",310.315443647084,305.175581662099,269.700971195412,260.136278300965,295.759993032531,277.032715041831,245.587984712742
"6","Gold_per_min",392.80272298334,387.917965666263,370.377574564537,363.916918893408,367.712379612053,360.46234546728,354.507558729551
"7","Kill_per_min",0.194679019931423,0.204457611933379,0.189202097312283,0.186110087629302,0.189180474289452,0.189887850850211,0.19055445862447
"8","Death_per_min",0.148752702013006,0.159719326328229,0.171460197766032,0.188704568500545,0.171756678693494,0.182685200073146,0.197247935636316
"9","Assist_per_min",0.280419658846751,0.257173881031895,0.270456801690239,0.222388799967402,0.266690719148735,0.255996848364385,0.244847049995062
"10","VisioinWard_per_min",0.0767525367697162,0.0689234713111317,0.0687507513859613,0.0507472047441055,0.0563722594802707,0.0437482851789159,0.0355238727793612
"11","WardsKilled_per_min",0.181697203653798,0.167753963787769,0.145738006628011,0.124813913603266,0.116180532591535,0.0783711465152308,0.0518364306347416
"12","WardsPlaced_per_min",0.439346574702028,0.422487301415815,0.418021266780407,0.34924937001992,0.382809714557933,0.347850023797668,0.335908961177584
"13","KillContribution",0.597203389830508,0.564396135265701,0.558222222222222,0.519137931034483,0.537171717171717,0.509308755760369,0.481376146788991
"14","KDA",4.37016949152542,3.4519806763285,3.33696296296296,2.56905172413793,3.22454545454545,2.8568202764977,3.02146788990826
"15","WinRate",64.8304255319149,59.6323456790123,62.9434375,55.7529761904762,60.3009333333333,60.983125,61.3583333333333
"16","CC_per_min",21.7992885243476,21.5471042214387,20.4515499132779,18.7188144082733,20.4458714528255,22.8223333859576,22.9456158722027
"17","FBContribution",34.9294444444444,33.6541176470588,41.4224,37.0723684210526,36.6607692307692,35.8729824561403,52.6476
"18","KillSprees",1.387,1.52692708333333,1.43426229508197,1.54420560747664,1.6378021978022,1.62180904522613,1.53773195876289
"19","LargestKillingSpree",3.309,3.34078125,3.01770491803279,2.87177570093458,3.27241758241758,3.20477386934673,3.2360824742268
"20","CS_Difference_per_min(0-10)",0.00469814284164554,0.00070035519972392,-0.000516719529613661,0.000919242008822979,-0.0010020639145275,-0.000136734303688825,0.000222829985179063
"21","XP_per_min(0-10)",6.89474965801111,5.50135119407227,6.33379211228354,5.11913877465518,4.99174123612509,4.85289676904715,4.9265715441199
"22","XP_per_min(0-30)",23.3989468407347,22.3125674419865,21.269062060147,19.2677474987381,19.2309792524823,18.3134063337365,18.6806873578089
"23","XP_Difference_Per_Min(0-10)",-0.264575952952306,-0.139668392109549,-0.444921199654335,-0.136785528638352,0.0431762231738866,-0.161371958076639,-0.287585550459455
"24","XP_Diff_Per_Min(10-20)",-0.0474897364904749,-0.299638725176859,-0.585008094663635,-0.541600929063815,-0.326554286653228,-0.173060638699693,-0.589686622511424
"25","XP_Diff_Per_Min(20-30)",0.103902798148024,-0.389079006667778,-0.94367659033057,-0.142768544611707,-0.0594345608194034,-0.297192238683138,-0.406393627444716
"26","Team_Gold_Percent",0.207966101694915,0.206298076923077,0.20125,0.203675213675214,0.2023,0.202694063926941,0.202935779816514
"27","Team_Damage_Percent",0.199322033898305,0.193188405797101,0.183455882352941,0.18034188034188,0.184545454545455,0.177110091743119,0.174587155963303
