"","r_names","Challenger","Master","Diamond","Platinum","Gold","Silver","Bronze"
"1","Damage_per_min",283.607352484875,258.451624288602,258.791823109106,295.18831748331,295.944866224621,296.54474941027,324.466595597527
"2","Damage_Taken_per_min",656.34630692631,631.432306256137,610.852688587252,623.347553423336,650.262806878213,645.917334274197,669.479326944725
"3","CS_zeroToTen",7.49170731707317,7.19268456375839,7.33081632653061,7.38592592592593,8.31596774193548,6.95267379679144,7.59822916666667
"4","CS_per_min",1.01515468595155,0.973797043399976,1.03742430386472,1.05479431638217,1.15436650675758,1.04357772559881,1.16868988054588
"5","Healing_per_min",172.740712793317,171.040035069664,176.397583748635,155.137196456234,155.097216231663,169.342496475036,133.035252569273
"6","Gold_per_min",304.633701079277,291.078088382328,292.215119048632,297.327393916578,297.534389219419,295.079413238777,297.243611964197
"7","Kill_per_min",0.0702320753488517,0.063163523052025,0.0556535452126511,0.0606785114726668,0.0696080745850881,0.0644664584296907,0.0734810571934177
"8","Death_per_min",0.15884689260552,0.18823294803776,0.16126817785559,0.170627878552319,0.178624375815171,0.187737542911949,0.188479834668824
"9","Assist_per_min",0.435157849125549,0.388420631343306,0.384588211985253,0.396398333695539,0.370233812956912,0.382805596348227,0.390613471219551
"10","VisioinWard_per_min",0.137190609147237,0.120312743227706,0.0995706656389983,0.0850735596137022,0.075745120742064,0.0621925587300902,0.0453488702773167
"11","WardsKilled_per_min",0.236598926167411,0.192523076085615,0.189327357689708,0.148073162150638,0.134385432664633,0.0952943522095376,0.0680029671988207
"12","WardsPlaced_per_min",0.888483580543536,0.820794942736856,0.786680047792587,0.682084137789545,0.671586191507286,0.586392257898658,0.516088453422427
"13","KillContribution",0.580121951219512,0.564832214765101,0.567142857142857,0.538170731707317,0.518787878787879,0.514473684210526,0.501979166666667
"14","KDA",3.66609756097561,3.10375838926175,3.51948979591837,3.04548780487805,3.00166666666667,2.94026315789474,2.94166666666667
"15","WinRate",64.7123611111111,59.2023364485981,56.7021518987342,56.9383076923077,59.7885714285714,59.1625170068027,61.6128947368421
"16","CC_per_min",8.18677043675501,7.33173596398935,8.437358568891,8.78663145948123,10.4299524324293,11.1352456422327,11.5510822362809
"17","FBContribution",31.110625,30.0669696969697,21.8495,19.0816666666667,31.225,35.49375,19.0815384615385
"18","KillSprees",0.55962962962963,0.479120879120879,0.50280701754386,0.483018867924528,0.642857142857143,0.552459016393443,0.668285714285714
"19","LargestKillingSpree",1.09,1.03252747252747,1.05947368421053,0.978490566037736,1.31642857142857,1.11959016393443,1.32228571428571
"20","CS_Difference_per_min(0-10)",0.00721089266099375,-0.00494707428547286,0.000463911841789493,-0.00305564638855915,-0.00246771368193944,0.00139592345665242,0.00283714005147629
"21","XP_per_min(0-10)",4.00050252650203,4.01090251905488,3.36996770602212,3.63243986081768,4.13305076193591,3.96605592108608,3.34468115955721
"22","XP_per_min(0-30)",15.2170365775224,13.7910783624126,12.1820086227034,13.5630711343514,13.8007374671032,13.1872662150168,12.2149654176017
"23","XP_Difference_Per_Min(0-10)",0.407607669619462,-0.331714329712024,-0.0581326353470601,-0.229930452492227,-0.0950339452152688,-0.0511036101451138,-0.0118715520085601
"24","XP_Diff_Per_Min(10-20)",0.155905563025617,-0.31579344112384,-0.0574209570503834,-0.287083067648928,-0.212896310259339,-0.210538639338301,-0.19412295450039
"25","XP_Diff_Per_Min(20-30)",0.101891194058318,-0.228097760952284,-0.274950373067521,0.0580190199911471,-0.161758558184663,-0.112395133528094,0.0713640724942836
"26","Team_Gold_Percent",0.156829268292683,0.157,0.159795918367347,0.162073170731707,0.164848484848485,0.165105263157895,0.166770833333333
"27","Team_Damage_Percent",0.0987804878048781,0.0942,0.096530612244898,0.108780487804878,0.108939393939394,0.108842105263158,0.115833333333333
