"","r_names","Challenger","Master","Diamond","Platinum","Gold","Silver","Bronze"
"1","Damage_per_min",676.417124602314,629.817168355548,622.815138025353,636.892900821623,654.237363153201,585.822474995942,524.359783047468
"2","Damage_Taken_per_min",590.514043985646,585.976194689934,597.99769479995,613.942901935563,590.97985149628,605.527304265753,618.07637078265
"3","CS_zeroToTen",63.4381904761905,62.1796858638743,60.6235294117647,56.8077884615385,58.8000961538462,50.3561502347418,42.4604310344828
"4","CS_per_min",6.39618998192761,6.14289282767063,6.00126690560846,5.67200860725012,5.65117915056574,5.02408782457375,4.28951477888431
"5","Healing_per_min",104.060311852027,104.143627960822,104.450616119152,100.789353841086,98.4016158934172,94.7513783541332,99.3370985876235
"6","Gold_per_min",411.075162194732,399.205365764865,386.203841632759,388.025956143269,387.703024804138,370.021299738432,351.158083559672
"7","Kill_per_min",0.206457042014567,0.195574357296237,0.187500032601569,0.195977714568547,0.196540602554773,0.193972994364416,0.170723388503993
"8","Death_per_min",0.173196758376666,0.1818458151657,0.177537817768104,0.179841426656517,0.181399807952637,0.187370349455612,0.190466429723645
"9","Assist_per_min",0.243905357235522,0.22593315700665,0.221279773018184,0.240641925750713,0.243197161143266,0.232406899705024,0.265606753587766
"10","VisioinWard_per_min",0.047301189648174,0.0404640273042999,0.0455517952015416,0.0407274414178886,0.0338753036669494,0.0331310293984095,0.026770368935608
"11","WardsKilled_per_min",0.116207667681268,0.111465417869642,0.0908064606211203,0.0832440880179929,0.0697707436663858,0.0609121414291902,0.0504136419289578
"12","WardsPlaced_per_min",0.399947101854056,0.371326032757307,0.351407042216747,0.325072895428598,0.330704330190982,0.323500575692436,0.315465052346578
"13","KillContribution",0.544903846153846,0.516684210526316,0.515338983050847,0.508076923076923,0.517692307692308,0.485164319248826,0.462844827586207
"14","KDA",3.21019230769231,2.70336842105263,2.85966101694915,2.93076923076923,2.86461538461538,2.69169014084507,2.5448275862069
"15","WinRate",65.984375,56.7125657894737,57.1034567901235,62.939358974359,64.8972151898734,60.5871724137931,57.7422222222222
"16","CC_per_min",9.14546998644089,10.5836144104374,10.1323815018316,9.95211387133558,9.91074292509949,9.49138261783231,11.5033601042013
"17","FBContribution",32.3158695652174,28.2456164383562,30.22,31.2725,30.4971428571429,31.9148,28.8313157894737
"18","KillSprees",1.47602272727273,1.46561403508772,1.50728155339806,1.60239130434783,1.67773195876289,1.60452631578947,1.52734693877551
"19","LargestKillingSpree",3.44011363636364,3.08263157894737,3.17932038834951,3.39630434782609,3.2280412371134,3.24289473684211,3.1480612244898
"20","CS_Difference_per_min(0-10)",0.00195088552675499,-0.0146932422998607,-0.00183790522756223,-0.00453411023568932,-0.00317558015430207,-0.00310227156550884,-0.00538558529658757
"21","XP_per_min(0-10)",5.13049238960856,4.72896151595372,4.73470967307477,4.17627127152714,4.43078027810363,4.61290667725878,4.47794255180838
"22","XP_per_min(0-30)",20.4375613111086,18.1310809362353,18.1230988566713,18.0308659305119,18.5251560711337,17.7362116364277,14.512970077665
"23","XP_Difference_Per_Min(0-10)",-0.168990780723509,-0.0432640423788241,-0.313264886599244,-0.143522109618223,-0.121007037472695,-0.119783199770616,-0.0615104481013487
"24","XP_Diff_Per_Min(10-20)",-0.00610307101154157,-0.184582933980906,-0.225171025757217,-0.0632919031653459,-0.018541216354075,-0.383498974182183,-0.506198933190489
"25","XP_Diff_Per_Min(20-30)",0.18507260345866,-0.263116711152057,-0.283212303509049,0.00679489362062935,-0.134067943202989,-0.172299019404131,0.0931935073804647
"26","Team_Gold_Percent",0.21647619047619,0.214635416666667,0.213697478991597,0.211442307692308,0.212307692307692,0.208450704225352,0.200603448275862
"27","Team_Damage_Percent",0.241809523809524,0.235885416666667,0.236974789915966,0.232019230769231,0.232403846153846,0.215774647887324,0.18948275862069
