"","r_names","Challenger","Master","Diamond","Platinum","Gold","Silver","Bronze"
"1","Damage_per_min",613.508528345063,583.455206663232,607.575066636543,553.887643324788,595.68584457655,587.782702131836,582.084533188806
"2","Damage_Taken_per_min",841.647844738155,845.842662108976,886.621897539792,869.450340573966,873.417911765585,848.612647092464,869.895347975376
"3","CS_zeroToTen",64.4603738317757,61.3715263157895,58.9246086956522,56.3675221238938,54.637032967033,52.1815596330275,45.1772131147541
"4","CS_per_min",6.60779039565278,6.2394482600428,5.97352317411396,5.87243771007071,5.48978138056578,5.13414805771915,4.67272300112205
"5","Healing_per_min",183.51478285391,178.921568459202,191.709943103372,170.17499090109,180.950179215519,149.303323227871,148.85038189188
"6","Gold_per_min",399.924797604259,388.705939780996,378.357236502798,367.62309242161,368.670010415871,363.793576479055,352.619001828662
"7","Kill_per_min",0.173593721921839,0.167779778881136,0.160835211175589,0.1497535097704,0.171285739901607,0.173595160610243,0.179728839083006
"8","Death_per_min",0.160848923430763,0.171012952043317,0.176347066992849,0.179240971999247,0.178610173588045,0.177097118885309,0.19250981088702
"9","Assist_per_min",0.217229104803378,0.236651348594511,0.233248543597529,0.20281365079632,0.210092677725862,0.222195152214384,0.204511400346437
"10","VisioinWard_per_min",0.0669546390474581,0.0552158925555418,0.0483814148339783,0.0363768930040064,0.0439196556267936,0.0388745205831997,0.0317341433987837
"11","WardsKilled_per_min",0.103808271240629,0.0970254268722771,0.076624112827781,0.0796112339600792,0.0812326861745143,0.0615340593741567,0.0439371701791124
"12","WardsPlaced_per_min",0.40285249445855,0.371035181509577,0.341907022518344,0.323312097368752,0.326996151283561,0.309462644866797,0.278615077224018
"13","KillContribution",0.481214953271028,0.469411764705882,0.459739130434783,0.449911504424779,0.437912087912088,0.433302752293578,0.405819672131148
"14","KDA",2.73906542056075,2.84213903743316,2.71391304347826,2.3046017699115,2.57186813186813,2.75880733944954,2.27639344262295
"15","WinRate",65.4125316455696,64.7261437908497,60.1184615384615,54.61,65.033064516129,67.3401204819277,58.9033333333333
"16","CC_per_min",19.0335635424794,20.3289220521734,21.1177199080123,18.2378730768579,19.3119494028447,19.948779195916,19.5742487496194
"17","FBContribution",38.3696551724138,28.8023636363636,32.9462162162162,37.901935483871,44.0596153846154,35.7152830188679,36.5148
"18","KillSprees",1.43778947368421,1.27650306748466,1.24084905660377,1.23556701030928,1.44075949367089,1.47402010050251,1.60166666666667
"19","LargestKillingSpree",2.89989473684211,2.84521472392638,2.63594339622641,2.60525773195876,3.20316455696203,3.06733668341709,3.09935185185185
"20","CS_Difference_per_min(0-10)",-0.00115012230281812,-0.00709904584381666,0.00045480329681492,-0.00669689416442963,-0.0103399368079145,-0.00215445624660139,-0.00826536320490626
"21","XP_per_min(0-10)",7.30716360982414,6.80061932085141,6.14494325070206,6.54427771577575,7.37793334731834,7.07876160104309,6.25299164904958
"22","XP_per_min(0-30)",26.01412657885,24.8923201183208,23.9874226699707,25.4330293460592,21.6695432037504,22.6246816959383,20.5811118132928
"23","XP_Difference_Per_Min(0-10)",-0.0288649509797347,-0.308514509408074,0.12370252918023,-0.171828821100869,-0.660071643557352,-0.0455996026374711,-0.378654767727837
"24","XP_Diff_Per_Min(10-20)",0.239943911369665,-0.174596349541522,-0.26086957476755,-0.16978009745067,-0.564970764246621,-0.359541038881442,-0.224881356347888
"25","XP_Diff_Per_Min(20-30)",-0.231606219427309,0.131684379048665,-0.371514102384666,0.33777649672956,0.413813923436726,-0.0449871733572413,-0.466387150161957
"26","Team_Gold_Percent",0.210093457943925,0.204526315789474,0.203217391304348,0.205044247787611,0.203186813186813,0.201330275229358,0.201229508196721
"27","Team_Damage_Percent",0.222523364485981,0.214368421052632,0.217478260869565,0.210619469026549,0.218901098901099,0.213532110091743,0.211147540983607
