"","r_names","Challenger","Master","Diamond","Platinum","Gold","Silver","Bronze"
"1","Damage_per_min",667.570591004309,635.924318064582,646.06092962213,646.972410990488,645.017651461895,652.815551175256,651.543841307563
"2","Damage_Taken_per_min",659.733798573564,642.725391211005,658.902953967571,623.140923388648,616.83065596983,619.851257516238,598.007183790037
"3","CS_zeroToTen",66.52432,64.1309166666667,62.272,59.3794308943089,58.0705154639175,51.9116746411483,44.9333333333333
"4","CS_per_min",6.32648112254389,5.95849464884744,5.83417905759331,5.39299579774667,5.23165282448476,4.70112691859437,4.14531469326135
"5","Healing_per_min",98.4291331284871,106.083898068258,125.663813710612,100.260675927817,98.2196706458819,94.7919738756449,80.4358860764357
"6","Gold_per_min",400.903778186758,389.630806650432,379.778567559371,376.432948181546,364.125025103126,364.529657823011,349.631915121529
"7","Kill_per_min",0.197311164958098,0.186908761205199,0.185258980760845,0.204024850601409,0.200593931473497,0.212112037720905,0.213609391558116
"8","Death_per_min",0.170513012536831,0.171010632627679,0.177626473296497,0.168169945605395,0.179274221175752,0.18698453852534,0.203678447047363
"9","Assist_per_min",0.217031172699297,0.230287643665609,0.223189584156877,0.206695817304919,0.227730444152964,0.239043888028825,0.220733336998636
"10","VisioinWard_per_min",0.0620070389048327,0.0597349507276914,0.0580507809122972,0.0405885306492832,0.0453466815612782,0.0353037202030449,0.0357219425144451
"11","WardsKilled_per_min",0.0960288167088201,0.0925673294417404,0.0762986253016364,0.0690029627145445,0.0612651184997201,0.056239369716859,0.0369869516545488
"12","WardsPlaced_per_min",0.378092563177303,0.37388082894758,0.35533148821004,0.33719727501171,0.337332657419897,0.31891916890838,0.29786124801464
"13","KillContribution",0.5256,0.503723849372385,0.510785714285714,0.503170731707317,0.510520833333333,0.520631067961165,0.46008547008547
"14","KDA",2.92904,3.19271966527197,2.7545,2.9290243902439,2.82520833333333,3.08519417475728,2.58974358974359
"15","WinRate",60.228,63.9014201183432,60.588969072165,63.7370652173913,57.4123611111111,66.2448993288591,67.5990361445783
"16","CC_per_min",11.617236445415,14.0526497006829,14.4916485152065,13.2238747974238,14.5412389084442,12.2259439945961,12.8389574633172
"17","FBContribution",29.4497826086957,41.0207407407407,39.9858823529412,34.9654545454545,48.4720833333333,38.8741176470588,41.4796666666667
"18","KillSprees",1.61027027027027,1.45390243902439,1.47363636363636,1.52672268907563,1.63438202247191,1.73456852791878,1.91205882352941
"19","LargestKillingSpree",3.50207207207207,3.19375609756098,3.19528925619835,3.26260504201681,3.2614606741573,3.45751269035533,3.32950980392157
"20","CS_Difference_per_min(0-10)",-0.00509311650226223,-0.00356350654252301,-0.00294462294837329,-0.0035417648977077,-0.00125103704214154,-0.00525923770939356,-0.0053138651809116
"21","XP_per_min(0-10)",7.16470155859859,8.30935923030196,7.60181000017935,7.05291992629238,6.27615462811068,6.39703820137532,6.88535021889891
"22","XP_per_min(0-30)",24.094985617207,24.5815170067085,25.7352794607987,24.5176911297066,21.4669406224695,20.8560690447723,20.9737247388845
"23","XP_Difference_Per_Min(0-10)",-0.300501171499725,-0.0721505444838366,-0.206267440275741,-0.0699471976566463,-0.0569571688613636,-0.23396267067133,-0.223128919324468
"24","XP_Diff_Per_Min(10-20)",0.239531987522546,-0.405205478111727,-0.211671589264368,-0.128522535537752,-0.145811558618486,-0.377592941803063,-0.676613864437901
"25","XP_Diff_Per_Min(20-30)",0.183869165151362,-0.295716763010512,-0.202841616257454,-0.29665456456603,-0.14569499106715,-0.225642299991235,-0.318917279181008
"26","Team_Gold_Percent",0.21232,0.208713692946058,0.20822695035461,0.206260162601626,0.2019,0.203380952380952,0.198632478632479
"27","Team_Damage_Percent",0.24328,0.235103734439834,0.238642857142857,0.238780487804878,0.234329896907217,0.237129186602871,0.234017094017094
